18180101  1818.004 999  
18180102  1818.007 999  
18180103  1818.010 999  
18180104  1818.012 999  
18180105  1818.015 999  
18180106  1818.018 999  
18180107  1818.021 999  
18180108  1818.023  39  
18180109  1818.026 999  
18180110  1818.029 999  
18180111  1818.031 999  
18180112  1818.034 999  
18180113  1818.037  22  
18180114  1818.040 999  
18180115  1818.042 999  
18180116  1818.045 999  
18180117  1818.048  46  
18180118  1818.051  59  
18180219  1818.053  63 
18180219  1818.053  23 
18180319  1818.053  23 
18180419  1818.053  23 